what,kind,bundleId,bundleVersion,description,time
executed,command,org.eclipse.ui,3.6.0.I20100603-1100,"org.eclipse.ui.edit.delete",1283192949806
executed,command,org.eclipse.ui,3.6.0.I20100603-1100,"org.eclipse.ui.edit.delete",1283192950081
executed,command,org.eclipse.ui,3.6.0.I20100603-1100,"org.eclipse.ui.edit.paste",1283192955570
activated,view,org.eclipse.jdt.ui,3.6.0.v20100602-1600,"org.eclipse.jdt.ui.PackageExplorer",1283192957508
activated,editor,org.eclipse.jdt.ui,3.6.0.v20100602-1600,"org.eclipse.jdt.ui.CompilationUnitEditor",1283192958942
activated,view,org.eclipse.jdt.ui,3.6.0.v20100602-1600,"org.eclipse.jdt.ui.PackageExplorer",1283192961305
activated,editor,org.eclipse.jdt.ui,3.6.0.v20100602-1600,"org.eclipse.jdt.ui.CompilationUnitEditor",1283192961530
executed,command,org.eclipse.ui,3.6.0.I20100603-1100,"org.eclipse.ui.edit.cut",1283192972220
executed,command,org.eclipse.ui,3.6.0.I20100603-1100,"org.eclipse.ui.edit.paste",1283192980927
executed,command,org.eclipse.ui,3.6.0.I20100603-1100,"org.eclipse.ui.edit.cut",1283192985993
executed,command,org.eclipse.ui,3.6.0.I20100603-1100,"org.eclipse.ui.edit.paste",1283192986951
executed,command,org.eclipse.ui,3.6.0.I20100603-1100,"org.eclipse.ui.edit.delete",1283192988029
executed,command,org.eclipse.ui,3.6.0.I20100603-1100,"org.eclipse.ui.edit.delete",1283192988404
executed,command,org.eclipse.ui,3.6.0.I20100603-1100,"org.eclipse.ui.edit.delete",1283192988651
executed,command,org.eclipse.ui,3.6.0.I20100603-1100,"org.eclipse.ui.edit.delete",1283192989396
activated,view,org.eclipse.jdt.ui,3.6.0.v20100602-1600,"org.eclipse.jdt.ui.PackageExplorer",1283192991119
executed,command,net.genady.rmi,2.1.0.v20081001,"net.genady.rmi.launching.shortcut.run",1283192993436
deactivated,workbench,org.eclipse.ui.workbench,3.6.0.I20100603-1100,"",1283192994304
activated,workbench,org.eclipse.ui.workbench,3.6.0.I20100603-1100,"",1283193000442
activated,editor,org.eclipse.jdt.ui,3.6.0.v20100602-1600,"org.eclipse.jdt.ui.CompilationUnitEditor",1283193003003
activated,view,org.eclipse.jdt.ui,3.6.0.v20100602-1600,"org.eclipse.jdt.ui.PackageExplorer",1283193017605
activated,editor,org.eclipse.jdt.ui,3.6.0.v20100602-1600,"org.eclipse.jdt.ui.CompilationUnitEditor",1283193017815
executed,command,org.eclipse.ui,3.6.0.I20100603-1100,"org.eclipse.ui.file.saveAll",1283193055171
activated,view,org.eclipse.jdt.ui,3.6.0.v20100602-1600,"org.eclipse.jdt.ui.PackageExplorer",1283193055840
executed,command,net.genady.rmi,2.1.0.v20081001,"net.genady.rmi.launching.shortcut.run",1283193057818
deactivated,workbench,org.eclipse.ui.workbench,3.6.0.I20100603-1100,"",1283193058305
activated,workbench,org.eclipse.ui.workbench,3.6.0.I20100603-1100,"",1283193064462
activated,view,org.eclipse.ui.console,3.5.0.v20100526,"org.eclipse.ui.console.ConsoleView",1283193069192
activated,editor,org.eclipse.jdt.ui,3.6.0.v20100602-1600,"org.eclipse.jdt.ui.CompilationUnitEditor",1283193072610
activated,view,org.eclipse.ui.console,3.5.0.v20100526,"org.eclipse.ui.console.ConsoleView",1283193098292
activated,editor,org.eclipse.jdt.ui,3.6.0.v20100602-1600,"org.eclipse.jdt.ui.CompilationUnitEditor",1283193105117
executed,command,org.eclipse.ui,3.6.0.I20100603-1100,"org.eclipse.ui.edit.undo",1283193114756
executed,command,org.eclipse.ui,3.6.0.I20100603-1100,"org.eclipse.ui.edit.undo",1283193115083
executed,command,org.eclipse.ui,3.6.0.I20100603-1100,"org.eclipse.ui.edit.undo",1283193115360
executed,command,org.eclipse.ui,3.6.0.I20100603-1100,"org.eclipse.ui.edit.undo",1283193115543
executed,command,org.eclipse.ui,3.6.0.I20100603-1100,"org.eclipse.ui.edit.undo",1283193115696
executed,command,org.eclipse.ui,3.6.0.I20100603-1100,"org.eclipse.ui.edit.undo",1283193115858
executed,command,org.eclipse.ui,3.6.0.I20100603-1100,"org.eclipse.ui.edit.undo",1283193116013
executed,command,org.eclipse.ui,3.6.0.I20100603-1100,"org.eclipse.ui.edit.undo",1283193116191
executed,command,org.eclipse.ui,3.6.0.I20100603-1100,"org.eclipse.ui.edit.undo",1283193116371
executed,command,org.eclipse.ui,3.6.0.I20100603-1100,"org.eclipse.ui.edit.undo",1283193116550
executed,command,org.eclipse.ui,3.6.0.I20100603-1100,"org.eclipse.ui.edit.undo",1283193116718
executed,command,org.eclipse.ui,3.6.0.I20100603-1100,"org.eclipse.ui.edit.undo",1283193116893
executed,command,org.eclipse.ui,3.6.0.I20100603-1100,"org.eclipse.ui.edit.undo",1283193117084
executed,command,org.eclipse.ui,3.6.0.I20100603-1100,"org.eclipse.ui.edit.undo",1283193117263
executed,command,org.eclipse.ui,3.6.0.I20100603-1100,"org.eclipse.ui.edit.undo",1283193117457
executed,command,org.eclipse.ui,3.6.0.I20100603-1100,"org.eclipse.ui.edit.undo",1283193117647
executed,command,org.eclipse.ui,3.6.0.I20100603-1100,"org.eclipse.ui.edit.undo",1283193117840
executed,command,org.eclipse.ui,3.6.0.I20100603-1100,"org.eclipse.ui.edit.undo",1283193118114
executed,command,org.eclipse.ui,3.6.0.I20100603-1100,"org.eclipse.ui.edit.undo",1283193118440
executed,command,org.eclipse.ui,3.6.0.I20100603-1100,"org.eclipse.ui.edit.undo",1283193118755
executed,command,org.eclipse.ui,3.6.0.I20100603-1100,"org.eclipse.ui.edit.undo",1283193119040
executed,command,org.eclipse.ui,3.6.0.I20100603-1100,"org.eclipse.ui.edit.undo",1283193120066
executed,command,org.eclipse.ui,3.6.0.I20100603-1100,"org.eclipse.ui.edit.cut",1283193141262
executed,command,org.eclipse.ui,3.6.0.I20100603-1100,"org.eclipse.ui.edit.delete",1283193143530
executed,command,org.eclipse.ui,3.6.0.I20100603-1100,"org.eclipse.ui.edit.delete",1283193145222
executed,command,org.eclipse.ui,3.6.0.I20100603-1100,"org.eclipse.ui.edit.delete",1283193145492
executed,command,org.eclipse.ui,3.6.0.I20100603-1100,"org.eclipse.ui.edit.paste",1283193153309
executed,command,org.eclipse.ui,3.6.0.I20100603-1100,"org.eclipse.ui.file.saveAll",1283193185609
activated,view,org.eclipse.jdt.ui,3.6.0.v20100602-1600,"org.eclipse.jdt.ui.PackageExplorer",1283193186542
executed,command,net.genady.rmi,2.1.0.v20081001,"net.genady.rmi.launching.shortcut.run",1283193189029
deactivated,workbench,org.eclipse.ui.workbench,3.6.0.I20100603-1100,"",1283193189543
activated,workbench,org.eclipse.ui.workbench,3.6.0.I20100603-1100,"",1283193243220
activated,editor,org.eclipse.jdt.ui,3.6.0.v20100602-1600,"org.eclipse.jdt.ui.CompilationUnitEditor",1283193245220
deactivated,workbench,org.eclipse.ui.workbench,3.6.0.I20100603-1100,"",1283193271364
activated,workbench,org.eclipse.ui.workbench,3.6.0.I20100603-1100,"",1283193658994
executed,command,org.eclipse.ui,3.6.0.I20100603-1100,"org.eclipse.ui.edit.paste",1283193669537
executed,command,,,"AUTOGEN:::org.eclipse.jdt.internal.ui.CompilationUnitEditor.ruler.actions/org.eclipse.jdt.internal.ui.javaeditor.JavaSelectRulerAction",1283193673473
deactivated,workbench,org.eclipse.ui.workbench,3.6.0.I20100603-1100,"",1283193674410
activated,workbench,org.eclipse.ui.workbench,3.6.0.I20100603-1100,"",1283193674579
executed,command,org.eclipse.jdt.ui,3.6.0.v20100602-1600,"org.eclipse.jdt.ui.edit.text.java.format",1283193681701
deactivated,workbench,org.eclipse.ui.workbench,3.6.0.I20100603-1100,"",1283193784108
activated,workbench,org.eclipse.ui.workbench,3.6.0.I20100603-1100,"",1283193881798
executed,command,org.eclipse.ui,3.6.0.I20100603-1100,"org.eclipse.ui.edit.copy",1283193950243
executed,command,org.eclipse.ui,3.6.0.I20100603-1100,"org.eclipse.ui.edit.paste",1283193951100
executed,command,org.eclipse.ui,3.6.0.I20100603-1100,"org.eclipse.ui.edit.copy",1283193964048
executed,command,org.eclipse.ui,3.6.0.I20100603-1100,"org.eclipse.ui.edit.paste",1283193966349
executed,command,org.eclipse.ui,3.6.0.I20100603-1100,"org.eclipse.ui.edit.copy",1283193971161
executed,command,org.eclipse.ui,3.6.0.I20100603-1100,"org.eclipse.ui.edit.paste",1283193972365
executed,command,org.eclipse.ui,3.6.0.I20100603-1100,"org.eclipse.ui.edit.copy",1283194013161
executed,command,org.eclipse.ui,3.6.0.I20100603-1100,"org.eclipse.ui.edit.paste",1283194023312
deactivated,workbench,org.eclipse.ui.workbench,3.6.0.I20100603-1100,"",1283194150224
activated,workbench,org.eclipse.ui.workbench,3.6.0.I20100603-1100,"",1283194187702
executed,command,org.eclipse.ui,3.6.0.I20100603-1100,"org.eclipse.ui.edit.paste",1283194195359
deactivated,workbench,org.eclipse.ui.workbench,3.6.0.I20100603-1100,"",1283194206051
activated,workbench,org.eclipse.ui.workbench,3.6.0.I20100603-1100,"",1283194238598
deactivated,workbench,org.eclipse.ui.workbench,3.6.0.I20100603-1100,"",1283194239074
activated,workbench,org.eclipse.ui.workbench,3.6.0.I20100603-1100,"",1283194242000
executed,command,org.eclipse.ui,3.6.0.I20100603-1100,"org.eclipse.ui.edit.paste",1283194253780
executed,command,org.eclipse.ui,3.6.0.I20100603-1100,"org.eclipse.ui.edit.copy",1283194258429
executed,command,org.eclipse.ui,3.6.0.I20100603-1100,"org.eclipse.ui.edit.paste",1283194262720
executed,command,org.eclipse.ui,3.6.0.I20100603-1100,"org.eclipse.ui.edit.copy",1283194288524
executed,command,org.eclipse.ui,3.6.0.I20100603-1100,"org.eclipse.ui.edit.paste",1283194290217
deactivated,workbench,org.eclipse.ui.workbench,3.6.0.I20100603-1100,"",1283194308985
activated,workbench,org.eclipse.ui.workbench,3.6.0.I20100603-1100,"",1283194472468
executed,command,org.eclipse.ui,3.6.0.I20100603-1100,"org.eclipse.ui.edit.copy",1283194543492
executed,command,org.eclipse.ui,3.6.0.I20100603-1100,"org.eclipse.ui.edit.paste",1283194545709
deactivated,workbench,org.eclipse.ui.workbench,3.6.0.I20100603-1100,"",1283194567539
activated,workbench,org.eclipse.ui.workbench,3.6.0.I20100603-1100,"",1283194568173
deactivated,workbench,org.eclipse.ui.workbench,3.6.0.I20100603-1100,"",1283194568802
activated,workbench,org.eclipse.ui.workbench,3.6.0.I20100603-1100,"",1283194593676
executed,command,org.eclipse.ui,3.6.0.I20100603-1100,"org.eclipse.ui.edit.paste",1283194608185
executed,command,org.eclipse.ui,3.6.0.I20100603-1100,"org.eclipse.ui.edit.undo",1283194609740
deactivated,workbench,org.eclipse.ui.workbench,3.6.0.I20100603-1100,"",1283194612193
activated,workbench,org.eclipse.ui.workbench,3.6.0.I20100603-1100,"",1283194613923
deactivated,workbench,org.eclipse.ui.workbench,3.6.0.I20100603-1100,"",1283194616412
activated,workbench,org.eclipse.ui.workbench,3.6.0.I20100603-1100,"",1283194635302
executed,command,org.eclipse.ui,3.6.0.I20100603-1100,"org.eclipse.ui.edit.paste",1283194636694
executed,command,org.eclipse.ui,3.6.0.I20100603-1100,"org.eclipse.ui.edit.delete",1283194646751
executed,command,org.eclipse.ui,3.6.0.I20100603-1100,"org.eclipse.ui.edit.delete",1283194647233
executed,command,org.eclipse.ui,3.6.0.I20100603-1100,"org.eclipse.ui.edit.delete",1283194647482
executed,command,org.eclipse.ui,3.6.0.I20100603-1100,"org.eclipse.ui.edit.delete",1283194647702
executed,command,org.eclipse.ui,3.6.0.I20100603-1100,"org.eclipse.ui.edit.delete",1283194647889
executed,command,org.eclipse.ui,3.6.0.I20100603-1100,"org.eclipse.ui.edit.delete",1283194648229
executed,command,org.eclipse.ui,3.6.0.I20100603-1100,"org.eclipse.ui.edit.delete",1283194648445
executed,command,org.eclipse.ui,3.6.0.I20100603-1100,"org.eclipse.ui.edit.delete",1283194648642
executed,command,org.eclipse.ui,3.6.0.I20100603-1100,"org.eclipse.ui.edit.delete",1283194648882
executed,command,org.eclipse.ui,3.6.0.I20100603-1100,"org.eclipse.ui.edit.delete",1283194652526
executed,command,org.eclipse.ui,3.6.0.I20100603-1100,"org.eclipse.ui.edit.delete",1283194652841
executed,command,org.eclipse.ui,3.6.0.I20100603-1100,"org.eclipse.ui.edit.delete",1283194653115
executed,command,org.eclipse.ui,3.6.0.I20100603-1100,"org.eclipse.ui.edit.delete",1283194653372
executed,command,org.eclipse.ui,3.6.0.I20100603-1100,"org.eclipse.ui.edit.delete",1283194653580
executed,command,org.eclipse.ui,3.6.0.I20100603-1100,"org.eclipse.ui.edit.delete",1283194653780
executed,command,org.eclipse.ui,3.6.0.I20100603-1100,"org.eclipse.ui.edit.delete",1283194653955
executed,command,org.eclipse.ui,3.6.0.I20100603-1100,"org.eclipse.ui.edit.delete",1283194654163
executed,command,org.eclipse.ui,3.6.0.I20100603-1100,"org.eclipse.ui.edit.delete",1283194654445
executed,command,org.eclipse.ui,3.6.0.I20100603-1100,"org.eclipse.ui.edit.copy",1283194661282
executed,command,org.eclipse.ui,3.6.0.I20100603-1100,"org.eclipse.ui.edit.paste",1283194662248
deactivated,workbench,org.eclipse.ui.workbench,3.6.0.I20100603-1100,"",1283194694187
activated,workbench,org.eclipse.ui.workbench,3.6.0.I20100603-1100,"",1283194694981
deactivated,workbench,org.eclipse.ui.workbench,3.6.0.I20100603-1100,"",1283194695342
activated,workbench,org.eclipse.ui.workbench,3.6.0.I20100603-1100,"",1283194702477
deactivated,workbench,org.eclipse.ui.workbench,3.6.0.I20100603-1100,"",1283194706960
activated,workbench,org.eclipse.ui.workbench,3.6.0.I20100603-1100,"",1283194710339
executed,command,org.eclipse.ui,3.6.0.I20100603-1100,"org.eclipse.ui.edit.copy",1283194711384
executed,command,org.eclipse.ui,3.6.0.I20100603-1100,"org.eclipse.ui.edit.paste",1283194714998
deactivated,workbench,org.eclipse.ui.workbench,3.6.0.I20100603-1100,"",1283194732958
activated,workbench,org.eclipse.ui.workbench,3.6.0.I20100603-1100,"",1283194746238
executed,command,org.eclipse.ui,3.6.0.I20100603-1100,"org.eclipse.ui.edit.paste",1283194749906
executed,command,org.eclipse.ui,3.6.0.I20100603-1100,"org.eclipse.ui.edit.delete",1283194756958
executed,command,org.eclipse.ui,3.6.0.I20100603-1100,"org.eclipse.ui.edit.delete",1283194757096
executed,command,org.eclipse.ui,3.6.0.I20100603-1100,"org.eclipse.ui.edit.delete",1283194757255
executed,command,org.eclipse.ui,3.6.0.I20100603-1100,"org.eclipse.ui.edit.delete",1283194757641
executed,command,org.eclipse.ui,3.6.0.I20100603-1100,"org.eclipse.ui.edit.delete",1283194758482
executed,command,org.eclipse.ui,3.6.0.I20100603-1100,"org.eclipse.ui.edit.delete",1283194759338
executed,command,org.eclipse.ui,3.6.0.I20100603-1100,"org.eclipse.ui.edit.delete",1283194760149
executed,command,org.eclipse.ui,3.6.0.I20100603-1100,"org.eclipse.ui.edit.copy",1283194762981
executed,command,org.eclipse.ui,3.6.0.I20100603-1100,"org.eclipse.ui.edit.paste",1283194764182
executed,command,org.eclipse.ui,3.6.0.I20100603-1100,"org.eclipse.ui.edit.delete",1283194839996
executed,command,org.eclipse.ui,3.6.0.I20100603-1100,"org.eclipse.ui.file.saveAll",1283194844444
activated,view,org.eclipse.jdt.ui,3.6.0.v20100602-1600,"org.eclipse.jdt.ui.PackageExplorer",1283194850886
activated,editor,org.eclipse.jdt.ui,3.6.0.v20100602-1600,"org.eclipse.jdt.ui.CompilationUnitEditor",1283194851887
activated,view,org.eclipse.jdt.ui,3.6.0.v20100602-1600,"org.eclipse.jdt.ui.PackageExplorer",1283194852621
executed,command,net.genady.rmi,2.1.0.v20081001,"net.genady.rmi.launching.shortcut.run",1283194854448
deactivated,workbench,org.eclipse.ui.workbench,3.6.0.I20100603-1100,"",1283194855019
activated,workbench,org.eclipse.ui.workbench,3.6.0.I20100603-1100,"",1283194885927
activated,editor,org.eclipse.jdt.ui,3.6.0.v20100602-1600,"org.eclipse.jdt.ui.CompilationUnitEditor",1283194886647
executed,command,org.eclipse.ui,3.6.0.I20100603-1100,"org.eclipse.ui.edit.delete",1283194902219
activated,view,org.eclipse.jdt.ui,3.6.0.v20100602-1600,"org.eclipse.jdt.ui.PackageExplorer",1283194905242
executed,command,net.genady.rmi,2.1.0.v20081001,"net.genady.rmi.launching.shortcut.run",1283194907480
deactivated,workbench,org.eclipse.ui.workbench,3.6.0.I20100603-1100,"",1283194908355
activated,workbench,org.eclipse.ui.workbench,3.6.0.I20100603-1100,"",1283194958020
activated,editor,org.eclipse.jdt.ui,3.6.0.v20100602-1600,"org.eclipse.jdt.ui.CompilationUnitEditor",1283194958720
executed,command,org.eclipse.ui,3.6.0.I20100603-1100,"org.eclipse.ui.edit.delete",1283194976990
executed,command,org.eclipse.ui,3.6.0.I20100603-1100,"org.eclipse.ui.edit.delete",1283194977468
deactivated,workbench,org.eclipse.ui.workbench,3.6.0.I20100603-1100,"",1283194988139
activated,workbench,org.eclipse.ui.workbench,3.6.0.I20100603-1100,"",1283195008270
deactivated,workbench,org.eclipse.ui.workbench,3.6.0.I20100603-1100,"",1283195154503
activated,workbench,org.eclipse.ui.workbench,3.6.0.I20100603-1100,"",1283195198245
executed,command,org.eclipse.ui,3.6.0.I20100603-1100,"org.eclipse.ui.edit.delete",1283195204204
executed,command,org.eclipse.ui,3.6.0.I20100603-1100,"org.eclipse.ui.edit.delete",1283195204319
deactivated,workbench,org.eclipse.ui.workbench,3.6.0.I20100603-1100,"",1283195211233
activated,workbench,org.eclipse.ui.workbench,3.6.0.I20100603-1100,"",1283195296215
executed,command,org.eclipse.ui,3.6.0.I20100603-1100,"org.eclipse.ui.edit.undo",1283195299762
deactivated,workbench,org.eclipse.ui.workbench,3.6.0.I20100603-1100,"",1283195313477
activated,workbench,org.eclipse.ui.workbench,3.6.0.I20100603-1100,"",1283195330331
activated,view,org.eclipse.jdt.ui,3.6.0.v20100602-1600,"org.eclipse.jdt.ui.PackageExplorer",1283195385325
executed,command,net.genady.rmi,2.1.0.v20081001,"net.genady.rmi.launching.shortcut.run",1283195387623
deactivated,workbench,org.eclipse.ui.workbench,3.6.0.I20100603-1100,"",1283195388212
activated,workbench,org.eclipse.ui.workbench,3.6.0.I20100603-1100,"",1283195420068
activated,editor,org.eclipse.jdt.ui,3.6.0.v20100602-1600,"org.eclipse.jdt.ui.CompilationUnitEditor",1283195422043
deactivated,workbench,org.eclipse.ui.workbench,3.6.0.I20100603-1100,"",1283195437804
activated,workbench,org.eclipse.ui.workbench,3.6.0.I20100603-1100,"",1283195441735
deactivated,workbench,org.eclipse.ui.workbench,3.6.0.I20100603-1100,"",1283195450932
activated,workbench,org.eclipse.ui.workbench,3.6.0.I20100603-1100,"",1283195491735
activated,view,org.eclipse.jdt.ui,3.6.0.v20100602-1600,"org.eclipse.jdt.ui.PackageExplorer",1283195496682
executed,command,net.genady.rmi,2.1.0.v20081001,"net.genady.rmi.launching.shortcut.run",1283195499456
deactivated,workbench,org.eclipse.ui.workbench,3.6.0.I20100603-1100,"",1283195500315
activated,workbench,org.eclipse.ui.workbench,3.6.0.I20100603-1100,"",1283195541790
activated,editor,org.eclipse.jdt.ui,3.6.0.v20100602-1600,"org.eclipse.jdt.ui.CompilationUnitEditor",1283195542546
activated,view,org.eclipse.jdt.ui,3.6.0.v20100602-1600,"org.eclipse.jdt.ui.PackageExplorer",1283195560217
executed,command,net.genady.rmi,2.1.0.v20081001,"net.genady.rmi.launching.shortcut.run",1283195562287
deactivated,workbench,org.eclipse.ui.workbench,3.6.0.I20100603-1100,"",1283195562937
activated,workbench,org.eclipse.ui.workbench,3.6.0.I20100603-1100,"",1283195629150
activated,editor,org.eclipse.jdt.ui,3.6.0.v20100602-1600,"org.eclipse.jdt.ui.CompilationUnitEditor",1283195629919
executed,command,org.eclipse.ui,3.6.0.I20100603-1100,"org.eclipse.ui.edit.delete",1283195658748
executed,command,org.eclipse.ui,3.6.0.I20100603-1100,"org.eclipse.ui.edit.delete",1283195659531
executed,command,org.eclipse.ui,3.6.0.I20100603-1100,"org.eclipse.ui.edit.delete",1283195659743
executed,command,org.eclipse.ui,3.6.0.I20100603-1100,"org.eclipse.ui.edit.undo",1283195666332
executed,command,org.eclipse.ui,3.6.0.I20100603-1100,"org.eclipse.ui.edit.cut",1283195667270
executed,command,org.eclipse.ui,3.6.0.I20100603-1100,"org.eclipse.ui.edit.undo",1283195668326
executed,command,org.eclipse.ui,3.6.0.I20100603-1100,"org.eclipse.ui.edit.undo",1283195668695
executed,command,org.eclipse.ui,3.6.0.I20100603-1100,"org.eclipse.ui.edit.undo",1283195721395
executed,command,org.eclipse.ui,3.6.0.I20100603-1100,"org.eclipse.ui.edit.delete",1283195741717
executed,command,org.eclipse.ui,3.6.0.I20100603-1100,"org.eclipse.ui.edit.delete",1283195746040
executed,command,org.eclipse.ui,3.6.0.I20100603-1100,"org.eclipse.ui.edit.delete",1283195746279
executed,command,org.eclipse.ui,3.6.0.I20100603-1100,"org.eclipse.ui.edit.delete",1283195746625
executed,command,org.eclipse.ui,3.6.0.I20100603-1100,"org.eclipse.ui.edit.delete",1283195746936
executed,command,org.eclipse.ui,3.6.0.I20100603-1100,"org.eclipse.ui.edit.delete",1283195747199
executed,command,org.eclipse.ui,3.6.0.I20100603-1100,"org.eclipse.ui.edit.delete",1283195747471
executed,command,org.eclipse.ui,3.6.0.I20100603-1100,"org.eclipse.ui.edit.delete",1283195747761
executed,command,org.eclipse.ui,3.6.0.I20100603-1100,"org.eclipse.ui.edit.delete",1283195753626
executed,command,org.eclipse.ui,3.6.0.I20100603-1100,"org.eclipse.ui.edit.delete",1283195753866
executed,command,org.eclipse.ui,3.6.0.I20100603-1100,"org.eclipse.ui.edit.delete",1283195754190
executed,command,org.eclipse.ui,3.6.0.I20100603-1100,"org.eclipse.ui.edit.delete",1283195754455
deactivated,workbench,org.eclipse.ui.workbench,3.6.0.I20100603-1100,"",1283195777709
activated,workbench,org.eclipse.ui.workbench,3.6.0.I20100603-1100,"",1283195784775
executed,command,org.eclipse.ui,3.6.0.I20100603-1100,"org.eclipse.ui.edit.delete",1283195806353
executed,command,org.eclipse.jdt.ui,3.6.0.v20100602-1600,"org.eclipse.jdt.ui.edit.text.java.format",1283195825920
executed,command,org.eclipse.ui,3.6.0.I20100603-1100,"org.eclipse.ui.edit.cut",1283195840351
executed,command,org.eclipse.ui,3.6.0.I20100603-1100,"org.eclipse.ui.edit.delete",1283195841554
executed,command,org.eclipse.ui,3.6.0.I20100603-1100,"org.eclipse.ui.edit.delete",1283195841816
executed,command,org.eclipse.ui,3.6.0.I20100603-1100,"org.eclipse.ui.edit.paste",1283195848064
activated,view,org.eclipse.jdt.ui,3.6.0.v20100602-1600,"org.eclipse.jdt.ui.PackageExplorer",1283195906466
executed,command,net.genady.rmi,2.1.0.v20081001,"net.genady.rmi.launching.shortcut.run",1283195909378
deactivated,workbench,org.eclipse.ui.workbench,3.6.0.I20100603-1100,"",1283195910254
activated,workbench,org.eclipse.ui.workbench,3.6.0.I20100603-1100,"",1283195930612
activated,editor,org.eclipse.jdt.ui,3.6.0.v20100602-1600,"org.eclipse.jdt.ui.CompilationUnitEditor",1283195931147
deactivated,workbench,org.eclipse.ui.workbench,3.6.0.I20100603-1100,"",1283195968915
activated,workbench,org.eclipse.ui.workbench,3.6.0.I20100603-1100,"",1283195969063
activated,view,org.eclipse.jdt.ui,3.6.0.v20100602-1600,"org.eclipse.jdt.ui.PackageExplorer",1283195970977
executed,command,net.genady.rmi,2.1.0.v20081001,"net.genady.rmi.launching.shortcut.run",1283195972543
deactivated,workbench,org.eclipse.ui.workbench,3.6.0.I20100603-1100,"",1283195973455
activated,workbench,org.eclipse.ui.workbench,3.6.0.I20100603-1100,"",1283195981114
activated,editor,org.eclipse.jdt.ui,3.6.0.v20100602-1600,"org.eclipse.jdt.ui.CompilationUnitEditor",1283195982057
executed,command,org.eclipse.ui,3.6.0.I20100603-1100,"org.eclipse.ui.edit.copy",1283196005774
executed,command,org.eclipse.ui,3.6.0.I20100603-1100,"org.eclipse.ui.edit.paste",1283196006665
executed,command,org.eclipse.ui,3.6.0.I20100603-1100,"org.eclipse.ui.edit.cut",1283196009456
executed,command,org.eclipse.ui,3.6.0.I20100603-1100,"org.eclipse.ui.edit.paste",1283196009963
activated,view,org.eclipse.jdt.ui,3.6.0.v20100602-1600,"org.eclipse.jdt.ui.PackageExplorer",1283196010716
executed,command,net.genady.rmi,2.1.0.v20081001,"net.genady.rmi.launching.shortcut.run",1283196012837
deactivated,workbench,org.eclipse.ui.workbench,3.6.0.I20100603-1100,"",1283196013684
activated,workbench,org.eclipse.ui.workbench,3.6.0.I20100603-1100,"",1283196030456
activated,editor,org.eclipse.jdt.ui,3.6.0.v20100602-1600,"org.eclipse.jdt.ui.CompilationUnitEditor",1283196038736
executed,command,org.eclipse.ui,3.6.0.I20100603-1100,"org.eclipse.ui.edit.delete",1283196054840
executed,command,org.eclipse.ui,3.6.0.I20100603-1100,"org.eclipse.ui.edit.delete",1283196055215
activated,view,org.eclipse.jdt.ui,3.6.0.v20100602-1600,"org.eclipse.jdt.ui.PackageExplorer",1283196057241
executed,command,net.genady.rmi,2.1.0.v20081001,"net.genady.rmi.launching.shortcut.run",1283196059182
deactivated,workbench,org.eclipse.ui.workbench,3.6.0.I20100603-1100,"",1283196059856
activated,workbench,org.eclipse.ui.workbench,3.6.0.I20100603-1100,"",1283196168141
activated,editor,org.eclipse.jdt.ui,3.6.0.v20100602-1600,"org.eclipse.jdt.ui.CompilationUnitEditor",1283196168879
activated,view,org.eclipse.jdt.ui,3.6.0.v20100602-1600,"org.eclipse.jdt.ui.PackageExplorer",1283196179386
activated,editor,org.eclipse.jdt.ui,3.6.0.v20100602-1600,"org.eclipse.jdt.ui.CompilationUnitEditor",1283196179588
activated,view,org.eclipse.jdt.ui,3.6.0.v20100602-1600,"org.eclipse.jdt.ui.PackageExplorer",1283196190376
activated,editor,org.eclipse.jdt.ui,3.6.0.v20100602-1600,"org.eclipse.jdt.ui.CompilationUnitEditor",1283196190581
activated,view,org.eclipse.jdt.ui,3.6.0.v20100602-1600,"org.eclipse.jdt.ui.PackageExplorer",1283196191014
activated,editor,org.eclipse.jdt.ui,3.6.0.v20100602-1600,"org.eclipse.jdt.ui.CompilationUnitEditor",1283196191217
executed,command,org.eclipse.ui,3.6.0.I20100603-1100,"org.eclipse.ui.edit.delete",1283196194422
executed,command,org.eclipse.ui,3.6.0.I20100603-1100,"org.eclipse.ui.edit.delete",1283196194567
activated,view,org.eclipse.jdt.ui,3.6.0.v20100602-1600,"org.eclipse.jdt.ui.PackageExplorer",1283196215242
activated,editor,org.eclipse.jdt.ui,3.6.0.v20100602-1600,"org.eclipse.jdt.ui.CompilationUnitEditor",1283196225676
deactivated,workbench,org.eclipse.ui.workbench,3.6.0.I20100603-1100,"",1283196284717
activated,workbench,org.eclipse.ui.workbench,3.6.0.I20100603-1100,"",1283196322597
deactivated,workbench,org.eclipse.ui.workbench,3.6.0.I20100603-1100,"",1283196337999
activated,workbench,org.eclipse.ui.workbench,3.6.0.I20100603-1100,"",1283196417653
executed,command,,,"AUTOGEN:::org.eclipse.jdt.internal.ui.CompilationUnitEditor.ruler.actions/org.eclipse.jdt.internal.ui.javaeditor.JavaSelectRulerAction",1283196442522
deactivated,workbench,org.eclipse.ui.workbench,3.6.0.I20100603-1100,"",1283196443576
activated,workbench,org.eclipse.ui.workbench,3.6.0.I20100603-1100,"",1283196443709
executed,command,org.eclipse.ui,3.6.0.I20100603-1100,"org.eclipse.ui.edit.undo",1283196445888
executed,command,org.eclipse.ui,3.6.0.I20100603-1100,"org.eclipse.ui.edit.undo",1283196446054
executed,command,org.eclipse.ui,3.6.0.I20100603-1100,"org.eclipse.ui.edit.undo",1283196446565
executed,command,org.eclipse.ui,3.6.0.I20100603-1100,"org.eclipse.ui.edit.undo",1283196447525
executed,command,org.eclipse.ui,3.6.0.I20100603-1100,"org.eclipse.ui.edit.undo",1283196447716
executed,command,org.eclipse.ui,3.6.0.I20100603-1100,"org.eclipse.ui.edit.undo",1283196448125
executed,command,org.eclipse.jdt.ui,3.6.0.v20100602-1600,"org.eclipse.jdt.ui.edit.text.java.rename.element",1283196497719
